2677
6248
7275
661
7293
7274
7303
7285
7348
7283
7286
6249
6250
7287
7282
1190
7300
1989
3324
7341
7278
7276
7305
2738
7312
6247
756
7347
7302
6245
7279
7308
1327
6244
6243
3848
7343
7281
597
7301
7291
7288
6254
6251
6242
7349
7309
6246
7307
7346
7280
3352
7351
6252
7304
7342
7350
7289
7277
7340
7284
6253
7297
3027
6921
2372
3210
6920
6923
5924
2546
1315
5232
3157
3885
3016
2839
3825
7777
2305
2304
3156
1876
5949
5925
3155
6915
6913
2840
6922
6926
5228
5927
6912
3170
5573
6909
5926
3882
3878
5224
3286
